0000000000010010
0000000000011110
0000000000101000
0000000000110010
0000000001000111
0000000001010000
0000000001010101
0000000001100010
0000000001111101
0000000010001110
0000000010010110
0000000010100011
0000000010101100
0000000011000001
0000000011000100
0000000011001101
0000000100000000
0000000100001000
0000000100001110
0000000100011011
0000000100100011
0000000100110111
0000000101000100
0000000101001100
0000000101010010
0000000101011011
0000000101101000
0000000101101110
0000000101111100
0000000110011010
0000000110100111
0000000110110011
0000000111000000
0000000111001100
0000000111110100
0000001000000011
0000001001000111
0000001001001111
0000001001010101
0000001001100010
0000001001101010
0000001001111110
0000001010001011
0000001010010011
0000001010011001
0000001010100010
0000001010110000
0000001010110110
0000001011000100
0000001011100010
0000001011101111
0000001011111011
0000001100001111
0000001100100010
0000001100111010
0000001110010010
0000001110010100
0000001110110111
0000001110111001
0000001111100110
0000001111101010
